I have committed 

A) Java code with 3 input files and verified that my code is producing correct result for all 3 inputFiles.

B) Test case java code with 3 input files and written test cases for all 3 files, and all test cases is passed.






Sample Input:
1
8 9
1 5 9
4 5 2 3
Output:
Max sum: 16
Path: 1, 8, 5, 2 


-------------------------------------------------------------------

Input : 2nd input file 
215
192 124
117 269 442
218 836 347 235
320 805 522 417 345
229 601 728 835 133 124
248 202 277 433 207 263 257
359 464 504 528 516 716 871 182
461 441 426 656 863 560 380 171 923
381 348 573 533 448 632 387 176 975 449
223 711 445 645 245 543 931 532 937 541 444
330 131 333 928 376 733 017 778 839 168 197 197
131 171 522 137 217 224 291 413 528 520 227 229 928
223 626 034 683 839 052 627 310 713 999 629 817 410 121
924 622 911 233 325 139 721 218 253 223 107 233 230 124 233 



output :
Max sum:8186
Path:215,192,269,836,805,728,433,528,863,632,931,778,413,310,253


------------------------------------------------------------------------

Input : 3rd input file

2
2 1
2 4 5
6 4 7 1
5 4 2 1 1
6 7 5 7 5 7
5 3 2 7 4 6 8

output : 
Max sum:27
Path:2,1,4,7,2,7,4
